 0.00000  0.00000  0.00000
 1.00000  1.00000 -1.00000
 1.00000  1.00000 -1.00000
 1.00000  1.00000 -1.00000
 0.68920  1.00000 -1.00000
 0.19473  0.82334 -1.00000
-0.10677  0.37089 -1.00000
-0.31489 -0.17060 -1.00000
-0.38091 -0.78112 -1.00000
-0.77832 -1.00000 -0.90931
-1.00000 -1.00000 -0.60223
-1.00000 -1.00000 -0.34205
-1.00000 -1.00000 -0.07987
-1.00000 -1.00000  0.17772
-1.00000 -1.00000  0.42421
-1.00000 -1.00000  0.65339
-0.43213 -1.00000  0.71734
 0.70095 -1.00000  0.61186
 1.00000 -1.00000  0.68330
 1.00000 -1.00000  0.79424
 1.00000 -0.85027  0.93384
 1.00000 -0.42629  1.00000
 1.00000 -0.05128  1.00000
 1.00000  0.31767  1.00000
 1.00000  0.65733  1.00000
 0.00000  0.00000  0.00000
