-0.00000 -0.00000 -0.00000
-1.00000 -1.00000 -1.00000
-1.00000 -1.00000 -1.00000
-1.00000 -1.00000 -1.00000
-1.00000 -1.00000 -1.00000
-1.00000 -1.00000 -0.73945
-1.00000 -1.00000  0.59388
-1.00000 -1.00000  1.00000
-0.38074 -1.00000  1.00000
 0.95260 -1.00000  1.00000
 1.00000 -1.00000  1.00000
 1.00000 -1.00000  1.00000
 1.00000 -1.00000  1.00000
 1.00000 -0.72183  1.00000
 1.00000  0.61150  0.77067
 1.00000  1.00000 -0.56266
 1.00000  1.00000 -1.00000
 1.00000  1.00000 -1.00000
 1.00000  1.00000 -1.00000
 1.00000  1.00000 -1.00000
-0.00000 -0.00000 -0.00000
